packet_id,condition_id,run_id,final_committee_label,final_committee_severity,final_agreement_exact,history_reference,public_history_reference,q1_finding_type_correctness,q1_reviewer_type,q2_severity_appropriateness,q2_reviewer_severity,q3_evidence_support,q4_report_defensibility,q5_main_issue,q6_minimal_fix_needed,comment,reviewer
error_message_path_disclosure_001,C6,history17_22_35,FileInclusion,High,1,/pfs/data6/home/ma/ma_ma/ma_dignatov/LLM-Deliberation/cyber_negotiation_v1/games_descriptions/cyber_game/output/path_disclosure/error_message_path_disclosure_001/c6_path_disclosure_20260311_160805/history17_22_35.json,/pfs/data6/home/ma/ma_ma/ma_dignatov/LLM-Deliberation/cyber_negotiation_v1/games_descriptions/cyber_game/output/path_disclosure/error_message_path_disclosure_001/c6_path_disclosure_20260311_160805/public_history_history17_22_35.json,,,,,,,,,,
